Protein_ID,label,A,C,D,E,F,G,H,I,K,L,M,N,P,Q,R,S,T,V,W,Y
A0MZ66,0,0.04437401,0.014263074,0.04437401,0.147385103,0.009508716,0.026941363,0.017432647,0.045958796,0.110935024,0.095087163,0.020602219,0.045958796,0.06022187,0.064976228,0.04437401,0.083993661,0.055467512,0.06022187,0,0.00792393
B0QY89,1,0.062602965,0.006589786,0.054365733,0.067545305,0.049423394,0.044481054,0.02306425,0.057660626,0.062602965,0.095551895,0.029654036,0.039538715,0.047775947,0.062602965,0.049423394,0.069192751,0.034596376,0.05601318,0.009884679,0.077429984
B1AK13,1,0.1,0.026666667,0.03,0.056666667,0.03,0.096666667,0.013333333,0.06,0.073333333,0.093333333,0.033333333,0.04,0.043333333,0.04,0.016666667,0.07,0.053333333,0.093333333,0.003333333,0.026666667
B1AK87,1,0.040983607,0.020491803,0.098360656,0.053278689,0.016393443,0.073770492,0.016393443,0.049180328,0.073770492,0.114754098,0.028688525,0.045081967,0.036885246,0.036885246,0.053278689,0.090163934,0.036885246,0.06147541,0.016393443,0.036885246
B3KVN2,1,0.039473684,0.00877193,0.065789474,0.087719298,0.01754386,0.01754386,0.030701754,0.065789474,0.057017544,0.118421053,0.013157895,0.083333333,0.030701754,0.078947368,0.052631579,0.052631579,0.030701754,0.057017544,0.035087719,0.057017544
B3KYB6,0,0.075,0.025,0.083333333,0.075,0.033333333,0.041666667,0.033333333,0.058333333,0.083333333,0.058333333,0.025,0.05,0.083333333,0.025,0.025,0.033333333,0.058333333,0.058333333,0.033333333,0.041666667
B7Z5J4,1,0.09148265,0.009463722,0.05362776,0.05362776,0.041009464,0.069400631,0.031545741,0.056782334,0.050473186,0.063091483,0.018927445,0.059936909,0.050473186,0.031545741,0.05362776,0.078864353,0.05362776,0.056782334,0.022082019,0.05362776
B8ZZN6,0,0.068493151,0.006849315,0.04109589,0.109589041,0.020547945,0.068493151,0.02739726,0.054794521,0.089041096,0.075342466,0.02739726,0.02739726,0.04109589,0.068493151,0.04109589,0.068493151,0.068493151,0.04109589,0.034246575,0.020547945
C9IZN5,1,0.06122449,0.020408163,0.030612245,0.091836735,0.020408163,0.051020408,0.010204082,0.071428571,0.091836735,0.163265306,0.030612245,0.051020408,0.030612245,0.06122449,0.040816327,0,0.06122449,0.081632653,0,0.030612245
C9J9K3,1,0.114068441,0.007604563,0.045627376,0.08365019,0.038022814,0.053231939,0.015209125,0.057034221,0.041825095,0.079847909,0.02661597,0.034220532,0.068441065,0.049429658,0.057034221,0.041825095,0.068441065,0.068441065,0.022813688,0.02661597
C9JIF9,1,0.061058345,0.02578019,0.052917232,0.063772049,0.042062415,0.07734057,0.024423338,0.031207598,0.037991859,0.104477612,0.021709634,0.021709634,0.065128901,0.050203528,0.048846676,0.089552239,0.039348711,0.092265943,0.020352782,0.029850746
C9JQQ2,0,0.077922078,0.021645022,0.034632035,0.038961039,0.043290043,0.095238095,0.025974026,0.064935065,0.051948052,0.073593074,0.034632035,0.034632035,0.043290043,0.038961039,0.047619048,0.095238095,0.056277056,0.095238095,0.008658009,0.017316017
C9JW69,1,0.069892473,0.024193548,0.043010753,0.056451613,0.032258065,0.126344086,0.029569892,0.021505376,0.053763441,0.086021505,0.024193548,0.024193548,0.048387097,0.043010753,0.059139785,0.094086022,0.043010753,0.096774194,0.005376344,0.018817204
C9JZR2,0,0.069296375,0.010660981,0.067164179,0.075692964,0.015991471,0.071428571,0.024520256,0.042643923,0.057569296,0.088486141,0.018123667,0.052238806,0.057569296,0.039445629,0.07782516,0.076759062,0.05010661,0.061833689,0.010660981,0.031982942
D6RAX2,1,0.102150538,0.02688172,0.053763441,0.064516129,0.016129032,0.080645161,0.02688172,0.080645161,0.02688172,0.107526882,0.021505376,0.02688172,0.037634409,0.032258065,0.091397849,0.043010753,0.059139785,0.086021505,0.005376344,0.010752688
E7ETU9,0,0.046941679,0.015647226,0.06685633,0.06401138,0.058321479,0.06685633,0.029871977,0.059743954,0.071123755,0.075391181,0.021337127,0.065433855,0.049786629,0.032716927,0.046941679,0.041251778,0.044096728,0.076813656,0.018492176,0.048364154
E7EVH3,0,0.047574627,0.025186567,0.056902985,0.105410448,0.025186567,0.039179104,0.036380597,0.043843284,0.114738806,0.0625,0.021455224,0.045708955,0.055037313,0.041044776,0.04011194,0.104477612,0.054104478,0.064365672,0.005597015,0.01119403
E9PIR7,0,0.074688797,0.024896266,0.043568465,0.080912863,0.033195021,0.101659751,0.018672199,0.074688797,0.06846473,0.076763485,0.01659751,0.041493776,0.043568465,0.031120332,0.041493776,0.037344398,0.056016598,0.078838174,0.012448133,0.043568465
F5GYN4,0,0.049792531,0.012448133,0.066390041,0.095435685,0.058091286,0.045643154,0.033195021,0.058091286,0.066390041,0.095435685,0.01659751,0.024896266,0.029045643,0.070539419,0.045643154,0.074688797,0.041493776,0.058091286,0,0.058091286
F8VRQ4,1,0.047923323,0.019169329,0.067092652,0.067092652,0.051118211,0.025559105,0.028753994,0.060702875,0.060702875,0.099041534,0.025559105,0.041533546,0.054313099,0.089456869,0.060702875,0.041533546,0.063897764,0.051118211,0.015974441,0.028753994
F8WDD7,1,0.07079646,0.017699115,0.008849558,0.10619469,0.044247788,0.008849558,0.017699115,0.079646018,0.07079646,0.10619469,0.044247788,0.044247788,0.03539823,0.03539823,0.088495575,0.079646018,0.03539823,0.097345133,0,0.008849558
G3V1A4,0,0.073825503,0.026845638,0.067114094,0.100671141,0.026845638,0.046979866,0.006711409,0.053691275,0.161073826,0.093959732,0.020134228,0.013422819,0.040268456,0.013422819,0.026845638,0.067114094,0.046979866,0.067114094,0.006711409,0.040268456
G3V1Q4,0,0.047381546,0.012468828,0.047381546,0.112219451,0.027431421,0.044887781,0.024937656,0.054862843,0.10723192,0.077306733,0.034912718,0.059850374,0.034912718,0.059850374,0.059850374,0.054862843,0.039900249,0.067331671,0.007481297,0.024937656
G3V295,0,0.073891626,0.034482759,0.0591133,0.0591133,0.039408867,0.073891626,0.009852217,0.0591133,0.083743842,0.044334975,0.02955665,0.019704433,0.02955665,0.054187192,0.054187192,0.068965517,0.068965517,0.073891626,0.009852217,0.054187192
G3V3M6,0,0.087452471,0.019011407,0.060836502,0.091254753,0.02661597,0.087452471,0.015209125,0.022813688,0.098859316,0.102661597,0.003802281,0.034220532,0.072243346,0.038022814,0.053231939,0.053231939,0.030418251,0.053231939,0.019011407,0.030418251
G3XAH6,0,0.060773481,0.009668508,0.04281768,0.066298343,0.035911602,0.035911602,0.019337017,0.062154696,0.070441989,0.099447514,0.01519337,0.051104972,0.071823204,0.044198895,0.04281768,0.098066298,0.07320442,0.071823204,0.012430939,0.016574586
G5E9W3,1,0.063369397,0.017001546,0.060278207,0.083462133,0.034003091,0.052550232,0.038639876,0.074188563,0.061823802,0.097372488,0.038639876,0.043276662,0.040185471,0.035548686,0.038639876,0.055641422,0.052550232,0.068006182,0.00927357,0.035548686
H0Y4R1,1,0.089219331,0.018587361,0.07063197,0.046468401,0.033457249,0.089219331,0.022304833,0.072490706,0.074349442,0.081784387,0.027881041,0.026022305,0.039033457,0.040892193,0.040892193,0.066914498,0.053903346,0.072490706,0,0.033457249
H0YD13,0,0.087378641,0.033980583,0.033980583,0.058252427,0.033980583,0.067961165,0.024271845,0.077669903,0.053398058,0.09223301,0.029126214,0.058252427,0.04368932,0.033980583,0.053398058,0.072815534,0.053398058,0.063106796,0.019417476,0.009708738
H0YEN5,0,0.087179487,0.025641026,0.035897436,0.025641026,0.030769231,0.082051282,0.020512821,0.066666667,0.092307692,0.082051282,0.015384615,0.015384615,0.056410256,0.015384615,0.051282051,0.056410256,0.097435897,0.097435897,0.01025641,0.035897436
H0YMM5,0,0.15037594,0.015037594,0.052631579,0.052631579,0.037593985,0.105263158,0.015037594,0.052631579,0.045112782,0.045112782,0.030075188,0.015037594,0.067669173,0.022556391,0.082706767,0.052631579,0.037593985,0.067669173,0.007518797,0.045112782
H3BQQ9,0,0.065693431,0.02189781,0.051094891,0.065693431,0.04379562,0.065693431,0.01459854,0.065693431,0.080291971,0.094890511,0.02919708,0.04379562,0.109489051,0.03649635,0.03649635,0.04379562,0.04379562,0.02919708,0.02919708,0.02919708
H7BYY1,0,0.120967742,0,0.064516129,0.197580645,0.004032258,0.016129032,0.016129032,0.044354839,0.084677419,0.112903226,0.032258065,0.016129032,0,0.064516129,0.088709677,0.056451613,0.028225806,0.040322581,0,0.012096774
H7BZJ3,0,0.089430894,0.032520325,0.056910569,0.056910569,0.040650407,0.081300813,0.024390244,0.040650407,0.056910569,0.097560976,0.008130081,0.032520325,0.040650407,0.008130081,0.056910569,0.081300813,0.081300813,0.056910569,0.016260163,0.040650407
I3L397,1,0.061643836,0.02739726,0.089041096,0.082191781,0.034246575,0.095890411,0.02739726,0.068493151,0.075342466,0.089041096,0.034246575,0.02739726,0.034246575,0.034246575,0.034246575,0.054794521,0.054794521,0.054794521,0,0.020547945
J3KMY5,0,0.047297297,0.040540541,0.040540541,0.040540541,0.040540541,0.047297297,0.013513514,0.054054054,0.081081081,0.087837838,0.013513514,0.040540541,0.087837838,0.067567568,0.006756757,0.108108108,0.040540541,0.101351351,0.013513514,0.027027027
J3KQ32,0,0.067307692,0.009615385,0.064903846,0.074519231,0.057692308,0.076923077,0.021634615,0.079326923,0.108173077,0.072115385,0.019230769,0.038461538,0.060096154,0.036057692,0.036057692,0.043269231,0.033653846,0.060096154,0.012019231,0.028846154
J3KTF8,0,0.067357513,0.005181347,0.046632124,0.113989637,0.025906736,0.062176166,0.020725389,0.046632124,0.07253886,0.067357513,0.015544041,0.025906736,0.077720207,0.041450777,0.056994819,0.088082902,0.03626943,0.088082902,0,0.041450777
J3QT28,1,0.043165468,0.025179856,0.057553957,0.043165468,0.043165468,0.061151079,0.032374101,0.035971223,0.053956835,0.071942446,0.017985612,0.061151079,0.057553957,0.050359712,0.057553957,0.079136691,0.061151079,0.082733813,0.021582734,0.043165468
K7ELL7,0,0.074766355,0.031775701,0.072897196,0.151401869,0.026168224,0.052336449,0.013084112,0.020560748,0.063551402,0.080373832,0.020560748,0.024299065,0.080373832,0.05046729,0.037383178,0.059813084,0.063551402,0.035514019,0.013084112,0.028037383
O00151,1,0.072948328,0.024316109,0.036474164,0.079027356,0.030395137,0.066869301,0.030395137,0.042553191,0.066869301,0.069908815,0.018237082,0.05775076,0.069908815,0.045592705,0.042553191,0.079027356,0.066869301,0.072948328,0.006079027,0.021276596
O00231,1,0.111374408,0.011848341,0.059241706,0.082938389,0.026066351,0.030805687,0.016587678,0.059241706,0.082938389,0.144549763,0.018957346,0.023696682,0.023696682,0.049763033,0.049763033,0.073459716,0.045023697,0.049763033,0.004739336,0.035545024
O00232,0,0.057017544,0.015350877,0.052631579,0.096491228,0.019736842,0.030701754,0.013157895,0.067982456,0.094298246,0.118421053,0.039473684,0.039473684,0.01754386,0.050438596,0.057017544,0.059210526,0.059210526,0.065789474,0.010964912,0.035087719
O00267,0,0.04599816,0.006439742,0.06899724,0.093836247,0.028518859,0.089236431,0.021159154,0.044158234,0.057037718,0.061637534,0.023919043,0.032198712,0.069917203,0.04875805,0.056117755,0.079116835,0.055197792,0.072677093,0.008279669,0.036798528
O13297,0,0.051001821,0.003642987,0.078324226,0.080145719,0.027322404,0.038251366,0.018214936,0.072859745,0.089253188,0.069216758,0.012750455,0.074681239,0.051001821,0.045537341,0.043715847,0.107468124,0.054644809,0.049180328,0.005464481,0.027322404
O14467,0,0.092715232,0,0.066225166,0.033112583,0,0.092715232,0,0.052980132,0.105960265,0.059602649,0.013245033,0.072847682,0.046357616,0.046357616,0.099337748,0.066225166,0.059602649,0.072847682,0.006622517,0.013245033
O14561,0,0.08974359,0.019230769,0.083333333,0.057692308,0.025641026,0.038461538,0.006410256,0.051282051,0.044871795,0.134615385,0.044871795,0.006410256,0.070512821,0.051282051,0.057692308,0.057692308,0.038461538,0.083333333,0,0.038461538
O14818,0,0.088709677,0.012096774,0.060483871,0.088709677,0.028225806,0.060483871,0.012096774,0.068548387,0.088709677,0.068548387,0.012096774,0.032258065,0.024193548,0.040322581,0.072580645,0.052419355,0.056451613,0.092741935,0.004032258,0.036290323
O14980,0,0.054154995,0.018674136,0.044817927,0.073762838,0.052287582,0.034547152,0.029878618,0.070961718,0.057889823,0.115779645,0.036414566,0.056022409,0.037348273,0.06162465,0.036414566,0.051353875,0.056956116,0.071895425,0.012138189,0.027077498
O15020,1,0.118410042,0.010041841,0.053556485,0.106694561,0.023430962,0.051882845,0.027196653,0.025104603,0.050209205,0.117991632,0.020920502,0.026778243,0.031380753,0.071966527,0.087866109,0.053556485,0.039330544,0.049372385,0.018828452,0.015481172
O15042,0,0.0505345,0.007774538,0.058309038,0.116618076,0.034985423,0.041788144,0.022351798,0.037900875,0.104956268,0.068999028,0.026239067,0.042759961,0.073858115,0.032069971,0.077745384,0.104956268,0.03595724,0.034985423,0.008746356,0.018464529
O15091,1,0.048027444,0.022298456,0.060034305,0.053173242,0.048027444,0.051457976,0.027444254,0.051457976,0.07890223,0.114922813,0.02058319,0.041166381,0.039451115,0.054888508,0.056603774,0.075471698,0.04974271,0.051457976,0.02058319,0.034305317
O15198,0,0.047109208,0.03640257,0.032119914,0.059957173,0.03640257,0.051391863,0.053533191,0.029978587,0.047109208,0.08137045,0.012847966,0.038543897,0.092077088,0.047109208,0.049250535,0.111349036,0.04496788,0.074946467,0.017130621,0.03640257
O15446,0,0.082352941,0.009803922,0.021568627,0.117647059,0.017647059,0.080392157,0.007843137,0.015686275,0.107843137,0.068627451,0.025490196,0.015686275,0.139215686,0.070588235,0.041176471,0.052941176,0.07254902,0.049019608,0.001960784,0.001960784
O43242,1,0.095505618,0.003745318,0.058052434,0.078651685,0.041198502,0.043071161,0.024344569,0.041198502,0.065543071,0.108614232,0.026217228,0.031835206,0.048689139,0.056179775,0.076779026,0.058052434,0.048689139,0.052434457,0.001872659,0.039325843
O43290,0,0.06875,0.00375,0.0625,0.13625,0.0175,0.08,0.0125,0.0275,0.095,0.0925,0.015,0.0225,0.03875,0.04875,0.09125,0.06875,0.04875,0.04875,0.005,0.01625
O43390,0,0.063191153,0.007898894,0.061611374,0.08056872,0.028436019,0.12164297,0.014218009,0.030015798,0.069510269,0.056872038,0.015797788,0.037914692,0.066350711,0.055292259,0.077409163,0.044233807,0.034755134,0.063191153,0.007898894,0.063191153
O43516,1,0.043737575,0.001988072,0.031809145,0.023856859,0.023856859,0.129224652,0.007952286,0.017892644,0.031809145,0.055666004,0.005964215,0.03777336,0.282306163,0.023856859,0.083499006,0.125248509,0.039761431,0.02584493,0.001988072,0.005964215
O43592,0,0.073804574,0.022869023,0.051975052,0.074844075,0.057172557,0.03014553,0.01975052,0.053014553,0.054054054,0.128898129,0.029106029,0.034303534,0.036382536,0.071725572,0.042619543,0.064449064,0.041580042,0.076923077,0.008316008,0.028066528
O43660,0,0.079766537,0.011673152,0.052529183,0.044747082,0.023346304,0.062256809,0.048638132,0.044747082,0.06614786,0.068093385,0.019455253,0.038910506,0.060311284,0.036964981,0.054474708,0.077821012,0.079766537,0.079766537,0.023346304,0.027237354
O43707,0,0.084522503,0.008781559,0.069154775,0.095499451,0.032930845,0.045005488,0.03402854,0.06586169,0.063666301,0.092206367,0.026344676,0.050493963,0.03183315,0.061470911,0.055982437,0.051591658,0.045005488,0.040614709,0.017563117,0.027442371
O43805,0,0.092436975,0.025210084,0.033613445,0.142857143,0.008403361,0.033613445,0,0.042016807,0.075630252,0.117647059,0.008403361,0.067226891,0.008403361,0.092436975,0.084033613,0.058823529,0.058823529,0.033613445,0,0.016806723
O43852,0,0.053968254,0.006349206,0.146031746,0.114285714,0.053968254,0.050793651,0.031746032,0.034920635,0.092063492,0.066666667,0.028571429,0.025396825,0.025396825,0.034920635,0.041269841,0.034920635,0.044444444,0.053968254,0.019047619,0.041269841
O60264,1,0.057984791,0.011406844,0.058935361,0.096007605,0.038973384,0.049429658,0.015209125,0.05418251,0.088403042,0.093155894,0.030418251,0.049429658,0.05418251,0.041825095,0.071292776,0.053231939,0.046577947,0.045627376,0.015209125,0.02851711
O60675,0,0.08974359,0.006410256,0.019230769,0.102564103,0.012820513,0.025641026,0.006410256,0.019230769,0.08974359,0.102564103,0.019230769,0.038461538,0.038461538,0.044871795,0.102564103,0.096153846,0.083333333,0.08974359,0,0.012820513
O60832,1,0.075875486,0.015564202,0.048638132,0.083657588,0.009727626,0.060311284,0.025291829,0.060311284,0.120622568,0.089494163,0.023346304,0.017509728,0.044747082,0.031128405,0.058365759,0.058365759,0.058365759,0.079766537,0.011673152,0.027237354
O60869,0,0.101351351,0,0.054054054,0.074324324,0,0.081081081,0.02027027,0.067567568,0.135135135,0.067567568,0.006756757,0.033783784,0.033783784,0.074324324,0.067567568,0.040540541,0.067567568,0.054054054,0.013513514,0.006756757
O60884,0,0.038834951,0.026699029,0.058252427,0.09223301,0.036407767,0.121359223,0.026699029,0.04368932,0.077669903,0.07038835,0.026699029,0.04368932,0.048543689,0.050970874,0.058252427,0.058252427,0.02184466,0.067961165,0.002427184,0.029126214
O60885,0,0.069750367,0.005873715,0.035242291,0.074889868,0.01835536,0.022026432,0.033039648,0.027900147,0.082966226,0.06020558,0.025697504,0.025697504,0.173274596,0.107929515,0.045521292,0.079295154,0.044787078,0.050660793,0.003671072,0.013215859
O75083,0,0.062706271,0.01980198,0.074257426,0.037953795,0.034653465,0.097359736,0.03960396,0.056105611,0.066006601,0.064356436,0.01320132,0.037953795,0.03630363,0.028052805,0.02970297,0.092409241,0.052805281,0.095709571,0.018151815,0.04290429
O75153,1,0.07868602,0.019098549,0.052711994,0.080213904,0.040488923,0.058823529,0.03132162,0.041252865,0.048128342,0.110007639,0.022154316,0.041252865,0.058059587,0.046600458,0.060351413,0.067226891,0.043544691,0.065699007,0.005347594,0.029029794
O75439,0,0.09406953,0.026584867,0.044989775,0.071574642,0.026584867,0.065439673,0.026584867,0.057259714,0.038854806,0.106339468,0.026584867,0.044989775,0.030674847,0.030674847,0.069529652,0.067484663,0.067484663,0.061349693,0.014314928,0.028629857
O75489,0,0.087121212,0.007575758,0.060606061,0.071969697,0.060606061,0.045454545,0.018939394,0.034090909,0.045454545,0.09469697,0.007575758,0.034090909,0.068181818,0.03030303,0.087121212,0.049242424,0.045454545,0.098484848,0.018939394,0.034090909
O75643,0,0.058988764,0.013576779,0.063202247,0.080992509,0.03417603,0.047752809,0.026685393,0.060861423,0.064138577,0.116104869,0.028558052,0.037921348,0.039794007,0.047752809,0.05758427,0.05664794,0.053838951,0.067883895,0.009363296,0.03417603
O75822,0,0.07751938,0.007751938,0.11627907,0.127906977,0.023255814,0.073643411,0,0.034883721,0.147286822,0.073643411,0.015503876,0.019379845,0.027131783,0.03875969,0.031007752,0.050387597,0.031007752,0.062015504,0.011627907,0.031007752
O76031,1,0.077409163,0.020537125,0.047393365,0.082148499,0.030015798,0.083728278,0.017377567,0.055292259,0.074249605,0.093206951,0.011058452,0.039494471,0.045813586,0.048973144,0.056872038,0.075829384,0.045813586,0.071090047,0.001579779,0.022116904
O95336,0,0.139534884,0.019379845,0.03875969,0.065891473,0.03875969,0.062015504,0.023255814,0.03875969,0.031007752,0.143410853,0.007751938,0.011627907,0.093023256,0.03875969,0.054263566,0.062015504,0.046511628,0.065891473,0.007751938,0.011627907
O95373,0,0.064547206,0.022157996,0.068400771,0.088631985,0.037572254,0.037572254,0.026974952,0.071290944,0.05105973,0.112716763,0.027938343,0.039499037,0.043352601,0.068400771,0.035645472,0.037572254,0.053949904,0.061657033,0.013487476,0.037572254
P00338,0,0.054216867,0.015060241,0.054216867,0.054216867,0.021084337,0.078313253,0.021084337,0.069277108,0.084337349,0.114457831,0.027108434,0.045180723,0.03313253,0.036144578,0.03313253,0.072289157,0.042168675,0.102409639,0.018072289,0.024096386
P00359,1,0.096385542,0.006024096,0.072289157,0.045180723,0.030120482,0.078313253,0.024096386,0.057228916,0.078313253,0.063253012,0.021084337,0.039156627,0.036144578,0.015060241,0.03313253,0.078313253,0.072289157,0.111445783,0.009036145,0.03313253
P00360,0,0.105421687,0.006024096,0.075301205,0.036144578,0.027108434,0.078313253,0.024096386,0.069277108,0.084337349,0.060240964,0.021084337,0.030120482,0.039156627,0.021084337,0.03313253,0.069277108,0.069277108,0.105421687,0.009036145,0.036144578
P00367,1,0.094982079,0.010752688,0.053763441,0.066308244,0.041218638,0.094982079,0.02688172,0.068100358,0.059139785,0.071684588,0.025089606,0.037634409,0.046594982,0.021505376,0.062724014,0.066308244,0.046594982,0.059139785,0.008960573,0.037634409
P00370,0,0.105145414,0.008948546,0.042505593,0.06935123,0.049217002,0.109619687,0.022371365,0.03803132,0.049217002,0.078299776,0.040268456,0.03803132,0.033557047,0.051454139,0.049217002,0.049217002,0.049217002,0.082774049,0.011185682,0.022371365
P00390,0,0.101532567,0.019157088,0.040229885,0.057471264,0.030651341,0.088122605,0.030651341,0.055555556,0.0651341,0.082375479,0.03256705,0.03256705,0.053639847,0.021072797,0.045977011,0.0651341,0.061302682,0.084291188,0.007662835,0.024904215
P00427,0,0.101351351,0.006756757,0.060810811,0.108108108,0.060810811,0.013513514,0.013513514,0.033783784,0.060810811,0.101351351,0.006756757,0.047297297,0.047297297,0.027027027,0.094594595,0.047297297,0.047297297,0.067567568,0,0.054054054
P00441,0,0.064935065,0.025974026,0.071428571,0.064935065,0.025974026,0.162337662,0.051948052,0.058441558,0.071428571,0.058441558,0.006493506,0.045454545,0.032467532,0.019480519,0.025974026,0.064935065,0.051948052,0.090909091,0.006493506,0
P00445,1,0.084415584,0.012987013,0.058441558,0.064935065,0.038961039,0.142857143,0.038961039,0.038961039,0.064935065,0.038961039,0.012987013,0.051948052,0.051948052,0.019480519,0.025974026,0.071428571,0.064935065,0.11038961,0,0.006493506
P00448,1,0.126213592,0,0.058252427,0.063106796,0.053398058,0.063106796,0.038834951,0.029126214,0.082524272,0.097087379,0.019417476,0.058252427,0.04368932,0.029126214,0.029126214,0.053398058,0.04368932,0.048543689,0.029126214,0.033980583
P00452,0,0.081471748,0.014454665,0.067017083,0.060446781,0.036793693,0.063074901,0.026281209,0.065703022,0.055190539,0.098554534,0.021024967,0.045992116,0.040735874,0.043363995,0.052562418,0.064388962,0.051248357,0.051248357,0.006570302,0.053876478
P00490,0,0.100376412,0.008782936,0.066499373,0.055207026,0.038895859,0.061480552,0.030112923,0.053952321,0.067754078,0.102885822,0.017565872,0.052697616,0.037641154,0.058971142,0.051442911,0.031367629,0.038895859,0.067754078,0.025094103,0.032622334
P00491,1,0.076124567,0.01384083,0.044982699,0.062283737,0.051903114,0.096885813,0.027681661,0.041522491,0.041522491,0.089965398,0.041522491,0.038062284,0.051903114,0.044982699,0.058823529,0.044982699,0.051903114,0.079584775,0.010380623,0.031141869
P00498,0,0.074074074,0.016835017,0.067340067,0.060606061,0.033670034,0.067340067,0.006734007,0.077441077,0.074074074,0.101010101,0.02020202,0.026936027,0.037037037,0.023569024,0.047138047,0.080808081,0.063973064,0.101010101,0.003367003,0.016835017
P00509,1,0.116161616,0.012626263,0.050505051,0.068181818,0.050505051,0.075757576,0.015151515,0.042929293,0.045454545,0.095959596,0.02020202,0.058080808,0.037878788,0.04040404,0.055555556,0.053030303,0.055555556,0.065656566,0.012626263,0.027777778
P00533,1,0.059504132,0.049586777,0.050413223,0.063636364,0.029752066,0.070247934,0.025619835,0.057024793,0.054545455,0.091735537,0.020661157,0.054545455,0.061983471,0.040495868,0.049586777,0.069421488,0.052892562,0.05785124,0.010743802,0.029752066
P00549,0,0.086,0.014,0.064,0.056,0.03,0.068,0.014,0.074,0.074,0.07,0.022,0.052,0.05,0.02,0.048,0.054,0.076,0.096,0.002,0.03
P00558,0,0.098321343,0.016786571,0.055155875,0.064748201,0.038369305,0.095923261,0.011990408,0.045563549,0.100719424,0.091127098,0.033573141,0.055155875,0.040767386,0.014388489,0.026378897,0.057553957,0.040767386,0.09352518,0.009592326,0.009592326
P00560,0,0.103365385,0.002403846,0.0625,0.069711538,0.045673077,0.088942308,0.019230769,0.055288462,0.100961538,0.098557692,0.009615385,0.033653846,0.040865385,0.019230769,0.03125,0.0625,0.043269231,0.091346154,0.004807692,0.016826923
P00561,0,0.11097561,0.014634146,0.053658537,0.064634146,0.036585366,0.076829268,0.017073171,0.056097561,0.041463415,0.108536585,0.02804878,0.046341463,0.035365854,0.036585366,0.056097561,0.062195122,0.041463415,0.084146341,0.004878049,0.024390244
P00562,0,0.102469136,0.011111111,0.07037037,0.054320988,0.034567901,0.077777778,0.024691358,0.041975309,0.024691358,0.125925926,0.012345679,0.027160494,0.034567901,0.059259259,0.07037037,0.075308642,0.035802469,0.081481481,0.014814815,0.020987654
P00568,1,0.041237113,0.010309278,0.046391753,0.097938144,0.025773196,0.097938144,0.010309278,0.046391753,0.097938144,0.092783505,0.025773196,0.015463918,0.030927835,0.041237113,0.06185567,0.06185567,0.072164948,0.087628866,0,0.036082474
P00579,0,0.079934747,0.004893964,0.088091354,0.115823817,0.024469821,0.039151713,0.014681892,0.070146819,0.055464927,0.088091354,0.040783034,0.030995106,0.030995106,0.048939641,0.075040783,0.04730832,0.061990212,0.055464927,0.006525285,0.021207178
P00582,0,0.106681034,0.002155172,0.054956897,0.086206897,0.025862069,0.061422414,0.02262931,0.057112069,0.063577586,0.114224138,0.026939655,0.034482759,0.05387931,0.042025862,0.048491379,0.042025862,0.05387931,0.061422414,0.007543103,0.034482759
P00634,0,0.142250531,0.008492569,0.059447983,0.050955414,0.01910828,0.095541401,0.021231423,0.036093418,0.063694268,0.093418259,0.01910828,0.042462845,0.048832272,0.048832272,0.029723992,0.048832272,0.091295117,0.050955414,0.006369427,0.023354565
P00812,0,0.078078078,0.018018018,0.063063063,0.06006006,0.018018018,0.105105105,0.03003003,0.063063063,0.066066066,0.105105105,0.03003003,0.039039039,0.054054054,0.012012012,0.024024024,0.066066066,0.048048048,0.078078078,0.009009009,0.033033033
P00815,0,0.08135169,0.013767209,0.056320401,0.083854819,0.03379224,0.065081352,0.016270338,0.055068836,0.078848561,0.102628285,0.017521902,0.042553191,0.043804756,0.04505632,0.030037547,0.071339174,0.041301627,0.090112641,0.003754693,0.027534418
P00817,0,0.076655052,0.003484321,0.083623693,0.066202091,0.038327526,0.055749129,0.020905923,0.094076655,0.101045296,0.059233449,0.010452962,0.055749129,0.069686411,0.024390244,0.020905923,0.045296167,0.066202091,0.048780488,0.020905923,0.038327526
P00830,0,0.105675147,0.001956947,0.048923679,0.074363992,0.035225049,0.090019569,0.01369863,0.066536204,0.056751468,0.093933464,0.015655577,0.021526419,0.048923679,0.039138943,0.048923679,0.054794521,0.072407045,0.088062622,0.001956947,0.021526419
P00864,0,0.090600227,0.009060023,0.046432616,0.086070215,0.020385051,0.063420159,0.014722537,0.048697622,0.047565119,0.133635334,0.027180068,0.040770102,0.050962627,0.046432616,0.065685164,0.057757644,0.046432616,0.056625142,0.021517554,0.026047565
P00890,0,0.08559499,0.002087683,0.039665971,0.081419624,0.037578288,0.073068894,0.027139875,0.052192067,0.081419624,0.118997912,0.010438413,0.027139875,0.048016701,0.03131524,0.043841336,0.075156576,0.054279749,0.056367432,0.012526096,0.041753653
P00895,0,0.101923077,0.023076923,0.067307692,0.067307692,0.038461538,0.055769231,0.021153846,0.032692308,0.028846154,0.128846154,0.023076923,0.032692308,0.053846154,0.040384615,0.076923077,0.069230769,0.048076923,0.063461538,0,0.026923077
P00899,0,0.067061144,0.01183432,0.069033531,0.063116371,0.029585799,0.057199211,0.023668639,0.078895464,0.059171598,0.088757396,0.021696252,0.043392505,0.057199211,0.041420118,0.049309665,0.069033531,0.061143984,0.061143984,0.003944773,0.043392505
P00903,0,0.080213904,0.021390374,0.058823529,0.048128342,0.037433155,0.080213904,0.048128342,0.064171123,0.032085561,0.112299465,0.021390374,0.032085561,0.053475936,0.042780749,0.053475936,0.048128342,0.048128342,0.07486631,0.016042781,0.026737968
P00909,0,0.130242826,0.015452539,0.06401766,0.050772627,0.035320088,0.068432671,0.024282561,0.055187638,0.039735099,0.10816777,0.013245033,0.039735099,0.030905077,0.06401766,0.050772627,0.055187638,0.030905077,0.081677704,0.006622517,0.035320088
P00924,0,0.125858124,0.00228833,0.070938215,0.057208238,0.036613272,0.084668192,0.025171625,0.052631579,0.084668192,0.091533181,0.013729977,0.043478261,0.034324943,0.020594966,0.032036613,0.070938215,0.04576659,0.075514874,0.011441648,0.020594966
P00925,0,0.132723112,0.00228833,0.068649886,0.064073227,0.034324943,0.080091533,0.022883295,0.04576659,0.080091533,0.086956522,0.022883295,0.04805492,0.029748284,0.020594966,0.032036613,0.068649886,0.04576659,0.080091533,0.011441648,0.022883295
P00931,1,0.090523338,0.00990099,0.056577086,0.059405941,0.045261669,0.093352192,0.026874116,0.048090523,0.062234795,0.087694484,0.015558699,0.036775106,0.043847242,0.038189533,0.03960396,0.060820368,0.065063649,0.086280057,0.007072136,0.026874116
P00934,0,0.109813084,0.009345794,0.056074766,0.067757009,0.056074766,0.065420561,0.023364486,0.039719626,0.051401869,0.126168224,0.018691589,0.044392523,0.053738318,0.049065421,0.039719626,0.044392523,0.053738318,0.063084112,0.007009346,0.021028037
P00935,0,0.111398964,0.012953368,0.054404145,0.054404145,0.031088083,0.090673575,0.028497409,0.03626943,0.033678756,0.129533679,0.015544041,0.038860104,0.044041451,0.03626943,0.059585492,0.056994819,0.054404145,0.080310881,0.005181347,0.025906736
P00937,0,0.066115702,0.018595041,0.047520661,0.068181818,0.035123967,0.066115702,0.030991736,0.068181818,0.070247934,0.097107438,0.016528926,0.047520661,0.049586777,0.02892562,0.037190083,0.080578512,0.047520661,0.084710744,0.006198347,0.033057851
P00942,1,0.100806452,0.008064516,0.060483871,0.068548387,0.044354839,0.088709677,0.012096774,0.060483871,0.084677419,0.076612903,0.004032258,0.048387097,0.028225806,0.028225806,0.032258065,0.064516129,0.048387097,0.10483871,0.012096774,0.024193548
P00946,0,0.115089514,0.00511509,0.040920716,0.074168798,0.051150895,0.05370844,0.023017903,0.043478261,0.056265985,0.120204604,0.023017903,0.04859335,0.066496164,0.056265985,0.028132992,0.076726343,0.030690537,0.058823529,0.010230179,0.017902813
P00950,0,0.097165992,0,0.064777328,0.068825911,0.024291498,0.060728745,0.016194332,0.044534413,0.097165992,0.113360324,0.008097166,0.044534413,0.064777328,0.032388664,0.048582996,0.060728745,0.032388664,0.064777328,0.020242915,0.036437247
P00954,0,0.089820359,0.011976048,0.062874251,0.062874251,0.035928144,0.05988024,0.023952096,0.050898204,0.071856287,0.092814371,0.02994012,0.038922156,0.04491018,0.056886228,0.04491018,0.056886228,0.041916168,0.074850299,0.005988024,0.041916168
P00957,0,0.103881279,0.006849315,0.069634703,0.073059361,0.04109589,0.091324201,0.025114155,0.046803653,0.053652968,0.086757991,0.023972603,0.037671233,0.025114155,0.039954338,0.062785388,0.057077626,0.047945205,0.077625571,0.00913242,0.020547945
P00958,0,0.062583222,0.013315579,0.059920107,0.067909454,0.042609854,0.049267643,0.029294274,0.054593875,0.082556591,0.099866844,0.013315579,0.071904128,0.045272969,0.035952064,0.03195739,0.071904128,0.042609854,0.061251664,0.017310253,0.046604527
P00959,0,0.087149188,0.011816839,0.066469719,0.064992614,0.05465288,0.067946824,0.023633678,0.053175775,0.059084195,0.084194978,0.031019202,0.042836041,0.047267356,0.041358936,0.048744461,0.0605613,0.041358936,0.062038405,0.016248154,0.035450517
P00961,0,0.123367199,0.004354136,0.074020319,0.079825835,0.043541364,0.055152395,0.014513788,0.046444122,0.059506531,0.11030479,0.023222061,0.034833091,0.043541364,0.03628447,0.068214804,0.030478955,0.04934688,0.074020319,0.010159652,0.018867925
P00962,0,0.070397112,0.018050542,0.066787004,0.083032491,0.0433213,0.059566787,0.028880866,0.063176895,0.057761733,0.072202166,0.02166065,0.048736462,0.050541516,0.027075812,0.072202166,0.050541516,0.048736462,0.063176895,0.014440433,0.039711191
P00968,0,0.104380242,0.01304753,0.059645853,0.084808947,0.031686859,0.077353215,0.013979497,0.066169618,0.052190121,0.077353215,0.02889096,0.033550792,0.041006524,0.032618826,0.064305685,0.042870457,0.055917987,0.087604846,0.003727866,0.02889096
P01120,0,0.080745342,0.00621118,0.052795031,0.055900621,0.01242236,0.086956522,0.00621118,0.043478261,0.068322981,0.055900621,0.02173913,0.099378882,0.01863354,0.068322981,0.040372671,0.099378882,0.071428571,0.074534161,0,0.037267081
P01123,0,0.038834951,0.019417476,0.082524272,0.058252427,0.038834951,0.072815534,0.004854369,0.053398058,0.087378641,0.097087379,0.024271845,0.058252427,0.004854369,0.04368932,0.033980583,0.072815534,0.087378641,0.067961165,0.009708738,0.04368932
P02309,0,0.058252427,0,0.029126214,0.038834951,0.019417476,0.155339806,0.019417476,0.067961165,0.106796117,0.087378641,0.009708738,0.009708738,0.009708738,0.019417476,0.13592233,0.058252427,0.058252427,0.077669903,0,0.038834951
P02359,0,0.122905028,0,0.027932961,0.078212291,0.027932961,0.055865922,0.016759777,0.027932961,0.078212291,0.089385475,0.027932961,0.039106145,0.039106145,0.027932961,0.106145251,0.083798883,0.027932961,0.089385475,0.011173184,0.022346369
P02406,0,0.080536913,0,0.033557047,0.033557047,0.033557047,0.120805369,0.067114094,0.060402685,0.120805369,0.060402685,0.026845638,0.020134228,0.053691275,0.026845638,0.080536913,0.033557047,0.033557047,0.067114094,0.013422819,0.033557047
P02407,0,0.044117647,0.007352941,0.051470588,0.051470588,0.014705882,0.044117647,0.007352941,0.051470588,0.102941176,0.110294118,0.014705882,0.044117647,0.029411765,0.051470588,0.125,0.073529412,0.058823529,0.080882353,0,0.036764706
P02452,0,0.094945355,0.012295082,0.045081967,0.051229508,0.018442623,0.267076503,0.006147541,0.016393443,0.038934426,0.032786885,0.008879781,0.019125683,0.18989071,0.033469945,0.048497268,0.040983607,0.030737705,0.032103825,0.004098361,0.008879781
P02786,0,0.078947368,0.010526316,0.056578947,0.060526316,0.060526316,0.069736842,0.017105263,0.042105263,0.065789474,0.093421053,0.018421053,0.055263158,0.040789474,0.030263158,0.043421053,0.073684211,0.057894737,0.073684211,0.014473684,0.036842105
P02829,0,0.060648801,0,0.06629055,0.133991537,0.046544429,0.033850494,0.005641749,0.069111425,0.108603667,0.093088858,0.018335684,0.036671368,0.038081805,0.031029619,0.038081805,0.069111425,0.056417489,0.059238364,0.007052186,0.028208745
P02918,1,0.103529412,0.004705882,0.048235294,0.049411765,0.034117647,0.082352941,0.011764706,0.056470588,0.037647059,0.074117647,0.025882353,0.047058824,0.056470588,0.068235294,0.054117647,0.054117647,0.057647059,0.075294118,0.016470588,0.042352941
P02925,1,0.148648649,0,0.070945946,0.037162162,0.023648649,0.081081081,0.010135135,0.043918919,0.087837838,0.094594595,0.023648649,0.060810811,0.030405405,0.057432432,0.02027027,0.040540541,0.050675676,0.108108108,0,0.010135135
P02992,0,0.082379863,0.006864989,0.054919908,0.075514874,0.029748284,0.089244851,0.032036613,0.070938215,0.050343249,0.084668192,0.041189931,0.029748284,0.043478261,0.027459954,0.066361556,0.043478261,0.077803204,0.073226545,0,0.020594966
P02994,0,0.080786026,0.015283843,0.052401747,0.06768559,0.037117904,0.091703057,0.024017467,0.065502183,0.1069869,0.052401747,0.017467249,0.034934498,0.050218341,0.026200873,0.03930131,0.045851528,0.061135371,0.100436681,0.013100437,0.017467249
P03813,0,0.113043478,0.030434783,0.039130435,0.091304348,0.039130435,0.091304348,0.026086957,0.082608696,0.02173913,0.104347826,0.026086957,0.017391304,0.02173913,0.047826087,0.065217391,0.039130435,0.065217391,0.047826087,0.008695652,0.02173913
P03817,0,0.095238095,0.006802721,0.068027211,0.108843537,0.027210884,0.102040816,0.027210884,0.074829932,0.047619048,0.129251701,0.006802721,0.027210884,0.047619048,0.020408163,0.013605442,0.068027211,0.06122449,0.027210884,0.020408163,0.020408163
P03965,0,0.081395349,0.009838998,0.058139535,0.073345259,0.040250447,0.059033989,0.01431127,0.075134168,0.067084079,0.091234347,0.016994633,0.0509839,0.042039356,0.029516995,0.03667263,0.074239714,0.055456172,0.077817531,0.007155635,0.039355993
P04040,0,0.079696395,0.007590133,0.068311195,0.04743833,0.060721063,0.064516129,0.041745731,0.045540797,0.056925996,0.056925996,0.018975332,0.062618596,0.070208729,0.049335863,0.055028463,0.04743833,0.045540797,0.070208729,0.011385199,0.039848197
P04050,0,0.056549336,0.012117715,0.058857473,0.067512983,0.033467975,0.066358915,0.020196192,0.055972302,0.053664166,0.082515868,0.025389498,0.040969417,0.071552222,0.038084247,0.047893826,0.094056549,0.066358915,0.067512983,0.007501443,0.033467975
P04076,0,0.066954644,0.008639309,0.073434125,0.069114471,0.043196544,0.084233261,0.028077754,0.051835853,0.058315335,0.123110151,0.028077754,0.030237581,0.025917927,0.034557235,0.05399568,0.058315335,0.069114471,0.047516199,0.010799136,0.034557235
P04079,0,0.076190476,0.013333333,0.064761905,0.081904762,0.043809524,0.081904762,0.028571429,0.059047619,0.045714286,0.087619048,0.028571429,0.028571429,0.043809524,0.026666667,0.060952381,0.045714286,0.04,0.100952381,0.015238095,0.026666667
P04147,0,0.093587522,0.005199307,0.050259965,0.08492201,0.046793761,0.072790295,0.01559792,0.043327556,0.081455806,0.065857886,0.027729636,0.058925477,0.050259965,0.071057192,0.03812825,0.062391681,0.03812825,0.051993068,0.001733102,0.039861352
P04161,0,0.098130841,0.023364486,0.046728972,0.079439252,0.014018692,0.060747664,0.03271028,0.079439252,0.079439252,0.107476636,0.014018692,0.028037383,0.042056075,0.056074766,0.028037383,0.056074766,0.042056075,0.074766355,0.009345794,0.028037383
P04181,0,0.08428246,0.013667426,0.054669704,0.061503417,0.036446469,0.082004556,0.022779043,0.061503417,0.063781321,0.104783599,0.01594533,0.041002278,0.0523918,0.020501139,0.047835991,0.0523918,0.050113895,0.079726651,0.013667426,0.041002278
P04391,1,0.110778443,0.011976048,0.047904192,0.083832335,0.038922156,0.077844311,0.026946108,0.032934132,0.065868263,0.107784431,0.038922156,0.038922156,0.026946108,0.041916168,0.035928144,0.04491018,0.065868263,0.05988024,0.011976048,0.02994012
P04406,0,0.092537313,0.008955224,0.059701493,0.03880597,0.041791045,0.098507463,0.029850746,0.065671642,0.07761194,0.056716418,0.029850746,0.056716418,0.035820896,0.020895522,0.029850746,0.062686567,0.062686567,0.095522388,0.008955224,0.026865672
P04425,0,0.069620253,0.012658228,0.063291139,0.085443038,0.034810127,0.079113924,0.012658228,0.082278481,0.056962025,0.10443038,0.03164557,0.037974684,0.053797468,0.034810127,0.060126582,0.03164557,0.060126582,0.047468354,0.012658228,0.028481013
P04456,0,0.133802817,0,0.042253521,0.035211268,0.014084507,0.035211268,0.007042254,0.049295775,0.154929577,0.077464789,0.021126761,0.049295775,0.042253521,0.021126761,0.049295775,0.042253521,0.070422535,0.098591549,0,0.056338028
P04801,0,0.053133515,0.016348774,0.059945504,0.08719346,0.053133515,0.064032698,0.025885559,0.047683924,0.088555858,0.084468665,0.029972752,0.04359673,0.038147139,0.036784741,0.053133515,0.064032698,0.040871935,0.0626703,0.017711172,0.032697548
P04802,0,0.077199282,0.005385996,0.059245961,0.102333932,0.0502693,0.057450628,0.021543986,0.0502693,0.086175943,0.1005386,0.019748654,0.028725314,0.046678636,0.041292639,0.064631957,0.0502693,0.044883303,0.059245961,0.001795332,0.032315978
P04805,0,0.087048832,0.014861996,0.072186837,0.082802548,0.031847134,0.059447983,0.040339703,0.055201699,0.050955414,0.080679406,0.025477707,0.042462845,0.042462845,0.038216561,0.067940552,0.040339703,0.048832272,0.063694268,0.016985138,0.038216561
P04807,0,0.069958848,0.008230453,0.069958848,0.065843621,0.049382716,0.08436214,0.010288066,0.082304527,0.072016461,0.072016461,0.026748971,0.03909465,0.059670782,0.04526749,0.03909465,0.051440329,0.061728395,0.051440329,0.008230453,0.032921811
P04816,1,0.127371274,0.005420054,0.078590786,0.040650407,0.024390244,0.105691057,0.013550136,0.073170732,0.073170732,0.062330623,0.032520325,0.040650407,0.040650407,0.048780488,0.029810298,0.051490515,0.043360434,0.062330623,0.010840108,0.035230352
P04825,0,0.1,0.009195402,0.071264368,0.068965517,0.045977011,0.043678161,0.025287356,0.047126437,0.040229885,0.106896552,0.024137931,0.050574713,0.042528736,0.048275862,0.06091954,0.047126437,0.057471264,0.059770115,0.014942529,0.035632184
P04843,0,0.065897858,0.003294893,0.054365733,0.077429984,0.037891269,0.049423394,0.029654036,0.059308072,0.065897858,0.110378913,0.013179572,0.032948929,0.046128501,0.032948929,0.047775947,0.069192751,0.064250412,0.087314662,0.004942339,0.047775947
P04846,0,0.099264706,0.003676471,0.058823529,0.0625,0.029411765,0.077205882,0.029411765,0.055147059,0.077205882,0.113970588,0.011029412,0.055147059,0.047794118,0.047794118,0.022058824,0.044117647,0.055147059,0.084558824,0.003676471,0.022058824
